=== zoom x=58..84 y=14..26 th=165 ===
 14 ..........................####++.................... | 255 255 255 255 249 246 243 236 234 251 255 237 255  84  34 170 235 233 255 255 255 247 236 248 255 255
 15 ........................####++####.................. | 252 255 255 255 255 255 255 255 255 253 235 222  91 131 190  59 162 255 240 253 255 253 247 255 255 255
 16 ......................####....++##++................ | 243 243 248 249 241 242 244 245 249 235 255 115 112 230 244 200  48 170 246 255 250 253 255 255 255 255
 17 ......++++++++++++++####........++##++.............. | 235 255 240 171 201 189 186 190 186 192 123 118 244 255 252 241 207  87 190 235 243 252 254 255 255 255
 18 ....##################..............##++............ | 236 248 156   0   0   0  21   0   0  14 111 244 254 255 247 255 255 221  50 188 247 255 251 255 255 253
 19 ....++################..............##++............ | 247 252 193  56  28  28  49  30  17  61  82 229 243 255 255 255 254 248  71 187 255 255 255 254 252 250
 20 ....................####........++##++.............. | 255 243 231 239 241 244 242 241 224 211 124 106 254 240 255 255 207  76 194 224 255 255 255 253 247 249
 21 ......................####....++##++................ | 255 255 252 255 255 255 255 255 243 255 243 140  74 217 255 208  79 193 255 255 255 255 255 255 249 250
 22 ........................####++##.................... | 255 255 255 255 250 255 255 255 250 255 255 236 122 119 187  91 220 255 254 255 255 255 255 255 252 252
 23 ..........................####...................... | 255 255 255 255 255 255 255 255 255 255 255 255 234 140  71 220 236 255 255 255 255 255 254 255 255 254
 24 .................................................... | 252 255 255 255 255 253 249 255 255 253 244 248 255 255 255 255 235 247 255 255 255 255 244 251 255 255
 25 .................................................... | 251 255 255 255 255 255 254 255 255 255 251 255 255 255 253 255 251 255 255 255 255 254 246 251 255 253
=== zoom x=58..84 y=32..44 th=165 ===
 32 ..........................++##...................... | 250 250 250 252 252 247 243 253 255 255 255 255 245 199 117 248 246 253 245 249 251 242 236 247 255 254
 33 ........................########.................... | 255 255 255 255 252 255 255 255 255 255 255 227 161  44  64 103 228 255 255 255 255 255 255 255 255 249
 34 ......................++##########++................ | 255 255 255 247 223 241 255 250 237 227 240 171  36 116 160 113  73 203 255 255 255 255 252 249 244 245
 35 ......++............################++++......++.... | 246 255 255 193 224 219 223 230 223 224 132  43 136 140 125 151  86  37 165 197 228 224 218 204 238 255
 36 ....++##################++++####++################.. | 221 250 180  19  49  19  15  12  18   0  24 117 173 167 145 140 168 115  22  13  19   7  12   8 109 255
 37 ....++############################################.. | 238 234 168  41  19   0   5   3   8  15  43 122 134 146 159 159 150 122  39  18   7   0   4  19  99 228
 38 ..................++################................ | 254 251 247 234 212 213 217 227 226 174 128  50 140 125 158 120  99  43 218 221 222 220 220 235 247 250
 39 ......................############++................ | 251 247 249 250 236 237 240 243 245 255 243 132  48 146 152  85  39 194 255 255 249 242 236 249 255 249
 40 ........................++######.................... | 245 246 248 251 253 252 250 255 255 255 244 255 185  75  39  86 235 221 255 255 255 253 243 250 255 254
 41 ..........................++##...................... | 247 250 253 255 255 252 248 250 254 255 255 255 255 181 113 255 255 255 255 255 255 255 254 255 255 255
 42 .................................................... | 250 254 255 255 255 248 243 244 249 255 255 255 253 255 255 237 255 255 255 255 255 255 255 255 255 255
 43 .................................................... | 249 251 254 255 255 255 253 253 253 255 255 255 255 255 255 255 255 255 255 255 254 254 254 255 255 255
=== zoom x=58..90 y=50..61 th=165 ===
 50 ..........................####++..............................## | 255 254 247 248 250 255 255 255 253 250 250 255 255 135   5 206 255 255 241 245 251 255 255 255 252 251 251 255 255 248 233 116
 51 ..........................######............................#### | 255 253 249 255 255 255 255 255 255 255 255 255 226  69   0 105 247 255 255 255 253 255 255 255 255 255 255 255 255 255 155   4
 52 ........................########............................#### | 255 254 247 252 250 248 244 242 240 255 255 255 160  15   4  10 211 235 245 240 231 236 244 254 255 255 255 255 255 232   7  81
 53 ....++################################################....++#### | 254 255 209 109 113 102 108 107 108 117 121 106  33   0   8   0  62  91 106 102  96  99 105 106 110 126 148 255 255 179   0 117
 54 ....++################################################....###### | 243 255 181   0   4   0   3   3   4   0   0   6  14  12   4  15  16   5   0   0   0   0   0   0   0  12  50 250 255 134  15 162
 55 ......##############################################++....###### | 244 255 221 117 116 109 118 115 105 121  63   0   0   1   6   4   2   4  90 116 107 114 116 107 106 142 183 255 255 145   0 150
 56 ....................################++....................++#### | 248 255 255 255 255 255 255 255 239 253 144  24   6   0   8   0  16  29 205 255 253 255 255 255 255 250 243 255 255 180   3 119
 57 ....................##################......................#### | 250 253 255 255 255 255 255 255 247 242  47   0   0   0   0   0   1   0  86 255 249 255 255 255 255 255 255 255 242 235  22  53
 58 ..................######################....................++## | 252 253 255 255 255 251 247 255 255 112   1   0   2   4   8   6   4   0   9 161 255 255 249 253 255 250 244 252 253 240 196  20
 59 ....................++++++++++++++++++........................++ | 255 255 255 255 255 255 253 255 255 215 193 190 190 197 202 199 194 198 196 242 255 255 254 255 255 255 253 252 250 255 245 183
 60 ................................................................ | 255 255 255 255 255 255 255 255 255 254 250 242 237 244 252 247 241 247 254 255 255 255 255 255 255 255 255 255 251 250 254 223
=== zoom x=58..90 y=67..79 th=165 ===
 67 ..........................++##++..............................++ | 255 255 255 255 255 255 255 255 255 255 254 255 255 184  94 175 255 255 254 255 255 255 255 255 255 255 252 252 253 255 255 199
 68 ..........................######..............................## | 255 255 255 255 255 255 250 255 255 255 247 255 255 109   0  94 238 255 255 255 255 255 243 252 255 255 252 255 255 255 220  26
 69 ..........................########..........................#### | 255 255 248 246 228 227 228 237 242 230 215 255 234  40  26  22 151 239 224 243 245 234 222 228 237 249 249 255 237 245  43  61
 70 ........++++++++++++++++####..####++++++++++++++++........++#### | 252 246 234 214 187 190 199 203 203 200 183 175 101  10 213  51  66 196 184 206 207 202 195 197 204 222 236 255 248 174  15 130
 71 ....++######################..########################....###### | 247 220 178  34   0   0   0   0   3   0   0  14   0  89 244 139   7   2   9   0   0   0   0   0   4  14  89 219 255 149   0 157
 72 ....++####################......######################....####++ | 241 229 209  28  41  15  18  19  26  27  31   4   0 210 243 255  70   0  40  16  16  19  27  22  31  13 103 248 255 130   9 166
 73 ......++............++####......++####....................++#### | 252 255 255 199 235 225 222 224 221 244 194  37  84 249 255 255 166  56 142 234 213 228 229 227 227 210 242 255 254 169   0 126
 74 ....................####++........####......................#### | 255 252 238 246 248 253 254 255 245 255 157   0 186 249 239 247 241  64  54 247 240 255 255 255 251 255 252 255 249 230  17  91
 75 ....................####++........######....................#### | 253 247 242 255 255 255 255 255 255 243  74  35 196 227 215 221 215  92  14 158 255 255 255 255 255 255 255 255 249 231 126   0
 76 ..................++####################......................## | 238 237 238 243 247 243 238 255 249 205   6   2   1   6  14   3   0  30   2  72 243 250 239 254 255 251 235 241 250 255 255  93
 77 ....................##################++........................ | 252 254 255 255 255 255 255 255 255 238 143 154 145 137 136 136 135 156 131 166 255 255 255 255 255 255 248 255 255 255 254 239
 78 ................................................................ | 245 248 251 253 255 255 255 254 246 252 255 255 255 255 251 255 255 255 247 255 255 255 255 255 255 247 239 244 250 249 249 229
