--- grid x=340..395 y=383..392 ---
383 255 255 255 255 255 255 255 255 255 255 255 255 254 250 255 255 252 255 251 255 210  93  46  27  49  90 233 255 246 251 249 255 249 180  44 113 130 144 142 236 255 255 238 255 255 255 247 249 253 252 245 247 255 254 245
384 255 255 255 255 255 255 255 255 255 255 255 255 255 249 251 246 235 248 236 215  54  81 223 210 179  49 104 204 226 242 239 255 248 215  42 228 252 151  28 203 251 255 249 255 255 255 231 237 246 247 245 247 255 255 255
385 255 255 255 255 255 255 255 255 255 255 255 255 250 255 168  82  55  57  72  65  56 200 255 255 255 184  54  58  48  41  58 129 253 226  41 234 255 127  46 217 226 180 165 145 208 195 136 211 255 218 199 248 203 167 131
386 255 255 255 255 255 255 255 255 255 255 255 255 247 251  92   0   0   0  21   0  76 255 244 251 255 255  22   0   0   0   0  57 253 239  67 200 199  85 104 231 182 181 248 109 100 215  19 159 255 191 164 229 132 178 229
387 255 255 255 255 255 255 255 255 255 255 255 255 244 255 209 151 144 149 154 111  64 186 243 249 254 179  31 118 148 150 150 177 255 235  59 177 173 158 236 255 114 144 211 152 153 233 111  86 228 165 207 255 205 186 205
388 255 255 255 255 255 255 255 255 255 255 255 250 248 246 252 251 242 246 226 220  74 103 246 248 222  89  77 232 249 255 248 255 255 223  43 209 249 239 255 255  72 165 250 249 217 254 228  37 177 166 255 255 185 138 188
389 255 255 255 255 255 255 255 255 255 255 253 250 249 248 255 255 255 255 249 255 173  70  39  14  22  68 192 255 255 255 255 255 255 200  28 185 242 255 255 236  71 104 227 228 207 246 255  96 113 227 255 250  73 234 239
390 254 255 255 255 253 255 255 255 255 255 255 252 250 250 250 249 249 248 247 251 255 217 174 160 167 226 255 255 255 255 255 255 255 182  34 169 237 255 251 255 190  36  61 117 201 249 255 179  79 255 255 255  54  70 144
391 252 254 255 253 251 252 254 255 255 255 255 254 253 253 252 252 252 255 255 254 255 255 255 245 239 255 255 255 255 255 254 255 252 235 185 231 245 255 249 255 255 192 199 208 232 253 255 229 167 255 255 255 211 147 218
--- grid x=340..395 y=398..407 ---
398 253 255 255 255 253 255 255 255 255 255 255 255 254 254 255 244 231 242 255 255 255 178  32   2 177 255 240 252 251 248 242 255 246 148  62 123 132  88 197 255 255 254 237 253 255 255 249 251 253 255 255 255 255 255 253
399 254 255 255 255 254 255 255 255 255 255 255 255 247 255 228 219 255 255 255 246 202  30  93 127  19 136 255 255 237 251 255 253 249 171  40 206 251 119  47 224 255 255 255 236 255 245 255 255 246 245 233 255 255 251 248
400 255 255 255 255 254 255 255 255 255 255 255 255 241 255 214 130 135 135 138 114  58  79 167 177 111  38 117 129 148 135 136 173 255 224  36 230 255 167  32 244 255 234 183 173 255 196 203 204 248 224 192 245 255 199 151
401 255 255 255 255 254 255 255 255 255 255 255 255 248 236 116   0   0   0  23   0  73 188 205 181 209 109  11   0   0   0   0  54 219 212  42 208 224 131  83 232 186 203 187 116 122 196  19 158 255 186 173 252  94 152 207
402 254 255 255 255 254 255 255 255 255 255 255 255 249 255 178  81  80  82  93  50  26 139 220 188 161  58  61  58  74  64  80 106 255 227  48 160 161 151 255 255 104 147 188 117 115 255 128 118 255 151 202 255 150 210 215
403 254 255 255 255 253 255 255 255 255 255 255 255 249 255 255 240 255 255 251 255 148  36 111 145  22  72 235 252 251 253 254 226 245 208  35 212 251 244 255 255  75 142 255 255 255 255 231  38 180 174 249 255 249 150 195
404 254 255 255 254 253 255 255 255 255 255 255 254 254 254 255 255 249 254 255 244 248 141  14  17  86 229 219 243 243 240 233 255 251 220  48 221 253 255 252 255  86 128 255 246 210 255 255  95  60 213 255 242  74 213 253
405 253 255 255 254 252 254 255 255 255 255 255 255 255 254 255 255 255 255 255 255 243 234 117 107 234 255 247 254 254 252 248 255 255 169  26 170 255 255 255 255 171  82  60  98 157 228 255 164 111 255 255 206  18 123 142
406 253 254 255 254 252 254 255 255 255 255 255 255 255 254 248 240 236 243 251 255 255 229 247 255 254 253 255 246 237 235 238 254 255 208 169 198 248 255 255 254 245 179 125 185 255 255 255 228 192 255 255 255 188 140 250
--- grid x=340..395 y=413..422 ---
413 251 252 254 252 249 251 253 254 254 252 248 245 245 245 254 255 255 255 255 255 231 111  57  43  69 112 250 255 255 255 255 255 250 192  68 126 140 150 218 255 248 255 255 255 255 252 245 248 254 254 247 246 255 255 253
414 251 252 254 252 249 251 252 254 254 250 246 243 241 240 244 249 246 255 241 243  95  67 149 131 119  41 138 255 243 253 241 255 250 213  38 220 254  87  72 220 247 255 255 255 255 255 218 241 255 255 242 250 255 255 245
415 251 253 254 251 249 250 252 253 253 255 255 245 234 255 255 208 207 221 221 172  60 140 202 190 198 128  67 180 230 236 226 207 241 203  27 227 254 187  10 213 249 213 210 200 255 217 142 213 255 221 202 250 211 198 199
416 251 253 254 251 249 250 252 252 253 255 255 255 238 235 134  42  50  23  16  21  51 201 188 177 208 201  23  16  35  16  27  68 241 216  46 225 255 111  60 237 234 170 181  90 144 235  48 166 255 187 173 248 156 142 192
417 251 252 254 251 249 251 253 253 254 255 255 255 250 208 106  18   0   0   0  24  30 154 181 189 202 140  24  25   5   0   0  85 240 222  45 171 177 119 235 255  98 147 179 103  84 255  89  88 240 181 216 252 159 211 194
418 250 252 253 251 249 251 254 255 255 255 255 255 254 246 235 198 162 187 197 156  31  91 174 196 189  64  52 168 207 206 187 227 231 199  36 223 255 255 255 255  72 204 237 255 255 255 191  32 207 182 255 255 206 136 147
419 250 252 253 251 249 252 255 255 255 255 255 255 255 248 247 251 250 255 255 245 154  88  46  39  54  79 172 236 239 244 236 255 244 203  22 190 253 255 255 244  92 162 255 252 211 252 237  90 119 217 254 247  99 191 242
420 250 252 253 251 250 252 255 255 255 255 255 255 255 255 255 252 245 244 246 255 255 205 139 124 139 210 255 255 255 255 255 255 255 209  31 170 239 255 243 240 153  28  86 123 186 240 255 172  60 255 240 233  18 161 160
421 251 252 254 252 250 253 255 255 255 255 255 255 255 255 255 252 249 249 251 253 255 255 255 255 255 255 255 255 255 255 255 255 249 220 132 199 239 255 252 255 255 133 114 161 231 251 255 219 156 255 251 249 150 110 202
--- grid x=340..395 y=428..437 ---
428 255 255 255 255 253 254 255 255 255 255 255 254 253 255 255 255 255 255 255 255 249 229  76  51 194 251 245 255 255 255 254 255 255 170  89 138 134 139 235 241 253 255 255 251 247 252 255 255 255 255 254 248 248 255 255
429 255 255 255 255 253 254 255 255 255 255 255 255 255 248 251 255 255 248 222 255 237  73  70 106  30 183 241 247 230 253 255 255 255 179  39 174 197 125  83 222 255 255 226 247 255 241 246 242 249 252 240 252 245 238 235
430 255 255 255 255 253 254 255 255 255 255 255 255 255 249 240 205 169 185 189 187  66  54 233 255 121  44 167 181 199 194 195 203 255 203   5 200 247 168  54 255 255 252 206 233 255 238 234 213 238 241 233 255 237 218 206
431 255 255 255 255 253 254 255 255 255 255 255 255 255 211 107  24   9   1  18   7  72 250 244 248 255 136  13   9  30   0   0  75 255 221  23 215 255 137  66 237 208 186 163 150 171 186  38 186 250 178 158 255 115 155 188
432 255 255 255 255 253 254 255 254 254 255 255 255 248 242 134  20  13  16  39  32  46 211 255 249 232  98  27  11  25  14  35  76 244 226  53 165 158 119 204 255 133 162 226 112  71 244  96 149 255 171 223 243 111 201 255
433 255 255 255 255 253 253 255 255 255 255 255 253 243 255 254 217 224 222 211 208 116  60 196 255  92  41 215 223 228 228 231 217 248 208  30 207 248 253 255 255  56 193 215 230 255 253 191  52 201 162 255 255 241 152 163
434 254 255 255 255 252 253 255 255 255 253 249 248 247 244 245 251 252 245 241 239 255 111  48  74  55 200 255 255 255 250 244 255 255 210  18 202 251 255 243 254  68 171 246 255 243 255 233  86  97 165 255 255 106 199 255
435 254 255 255 254 252 253 255 255 255 254 251 250 250 249 255 255 255 255 255 248 235 250 140  99 216 255 255 255 255 255 255 255 255 188  53 183 255 255 243 240 149  27 151 147 159 210 255 138  92 255 253 208  37 212 183
436 253 254 255 254 251 253 255 255 255 255 255 255 254 252 250 249 247 247 249 255 255 225 254 255 227 239 255 255 255 252 246 255 255 175 102 163 250 250 237 251 255 147  70 144 241 255 252 207 161 243 255 246 135 115 194
--- grid x=340..395 y=443..452 ---
443 254 255 255 255 252 253 255 255 255 255 255 255 255 250 255 255 255 255 255 255 255 255 255 255 255 255 255 255 255 255 254 249 220 189 132 166 147 142 235 255 240 253 253 255 252 255 255 255 240 245 255 255 255 255 255
444 255 255 255 255 253 254 255 255 255 255 254 254 254 244 243 255 255 255 255 255 255 255 255 255 255 254 250 248 246 245 244 255 255 181  29 180 197  58 111 239 238 255 247 247 235 255 246 240 232 235 239 255 239 248 252
445 255 255 255 255 252 253 254 254 255 255 255 255 244 255 222 159 136 125 128 133 139 137 133 132 130 125 122 125 130 119 122 152 229 222  35 204 234 152   9 209 247 231 246 214 255 242 253 251 230 250 255 249 255 236 227
446 255 255 255 254 251 251 252 251 252 255 255 255 240 255 122  29  30  11  10  20  33  30  24  22  20  14  12  21  30  17  20   2 122 224  64 211 241 142   0 208 240 162 159 100 191 183  48 159 249 222 154 250 168 136 154
447 255 255 255 254 250 251 252 251 251 255 255 255 245 226 119  21  32  14  13  20  30  26  20  17  14  10   9  19  28  11  10   5 117 211  53 155 153  58 158 249 141 181 189  95  63 243  79 102 255 190 194 244  68 200 250
448 255 255 255 254 251 251 252 252 252 254 255 253 247 229 218 140 155 141 139 142 147 143 137 134 132 129 129 137 144 127 121 140 219 220  27 185 210 253 252 254  56 178 201 215 195 235 194  60 249 154 255 255 248 163 149
449 255 255 255 255 254 255 255 255 255 255 253 249 247 245 255 238 255 252 248 247 247 245 242 241 239 237 236 240 242 235 227 225 231 209  24 213 254 255 255 250  73 150 255 255 217 250 229  73 146 200 255 255 137 195 226
450 253 255 255 255 255 255 255 255 255 255 253 249 246 248 251 255 255 255 255 255 254 254 255 255 255 254 252 251 249 243 238 255 250 197  14 207 255 255 242 253 129  70 180 170 172 220 255 120  61 251 234 253  64 180 213
451 255 255 255 255 255 255 255 255 255 255 255 255 254 255 255 255 255 255 255 252 248 250 253 255 255 255 255 255 253 248 239 243 221 171  69 173 219 240 236 255 236  84  43 123 234 255 255 204 153 255 248 244 128 134 151
