     338339340341342343344345346347348349350351352353354355356357358359360361362363364365366367368369370371372373374375376377378379380381382383384385386387388389390391392393394
 441 254252251253254252250252254255255255255255255255255251248247247247248251255255255255253251249246245251255245244254255255255254255251240244251255255253245253255254251252253
 442 254253253254255253251253255255255255255255255255253249246246247247248249250251252250247245242238236248255238226242255255244243250247245250255255255255250252255255255255255
 443 255254254255255255252253255255255255255255255250255255255255255255255255255255255255255255255255254249220189132166147142235255240253253255252255255255240245255255255255255
 444 255255255255255255253254255255255255254254254244243255255255255255255255255255255254250248246245244255255181 29180197 58111239238255247247235255246240232235239255239248252
 445 255255255255255255252253254254255255255255244255222159136125128133139137133132130125122125130119122152229222 35204234152  9209247231246214255242253251230250255249255236227
 446 255255255255255254251251252251252255255255240255122 29 30 11 10 20 33 30 24 22 20 14 12 21 30 17 20  2122224 64211241142  0208240162159100191183 48159249222154250168136154
 447 255255255255255254250251252251251255255255245226119 21 32 14 13 20 30 26 20 17 14 10  9 19 28 11 10  5117211 53155153 58158249141181189 95 63243 79102255190194244 68200250
 448 255255255255255254251251252252252254255253247229218140155141139142147143137134132129129137144127121140219220 27185210253252254 56178201215195235194 60249154255255248163149
 449 255255255255255255254255255255255255253249247245255238255252248247247245242241239237236240242235227225231209 24213254255255250 73150255255217250229 73146200255255137195226
 450 255255253255255255255255255255255255253249246248251255255255255255254254255255255254252251249243238255250197 14207255255242253129 70180170172220255120 61251234253 64180213
 451 255255255255255255255255255255255255255255254255255255255255255252248250253255255255255255253248239243221171 69173219240236255236 84 43123234255255204153255248244128134151
 452 255250246249254255255255255255255255255248243245249255255255255251248251255255255255255255255252244248255253255240235244255251251247238246255255255255249236239249255223255