     338339340341342343344345346347348349350351352353354355356357358359360361362363364365366367368369370371372373374375376377
 380 235240253255254254254254255255255255255254253251249244242247252245241255255255255248238248255255255255255254254255255245
 381 245250255255255255255255255255255255255255255255255252252255255255255255246239236251255255255255255255255241240234244248
 382 245248254255255255254255255255255255255254252250249248247249252251253237216208207227241246250245239243243218203202218234
 383 252253255255255255255255255255255255255255254250255255252255251255210 93 46 27 49 90233255246251249255249180 44113130144
 384 255255255255255255255255255255255255255255255249251246235248236215 54 81223210179 49104204226242239255248215 42228252151
 385 255255255255255255255255255255255255255255250255168 82 55 57 72 65 56200255255255184 54 58 48 41 58129253226 41234255127
 386 255255255255255255255255255255255255255255247251 92  0  0  0 21  0 76255244251255255 22  0  0  0  0 57253239 67200199 85
 387 255255255255255255255255255255255255255255244255209151144149154111 64186243249254179 31118148150150177255235 59177173158
 388 255255255255255255255255255255255255255250248246252251242246226220 74103246248222 89 77232249255248255255223 43209249239
 389 255255255255255255255255255255255255253250249248255255255255249255173 70 39 14 22 68192255255255255255255200 28185242255
 390 255255254255255255253255255255255255255252250250250249249248247251255217174160167226255255255255255255255182 34169237255
 391 254253252254255253251252254255255255255254253253252252252255255254255255255245239255255255255255254255252235185231245255
 392 253251250252253252250251253254255255255255255255255254254255255255251255255255243240242248254253252251250242242248255255
 393 253251250252253251250251253255255255255255255255255255255255255255251255255253246248252255255255255253250255255255255255
 394 254252250252254252250252254255255255255255255255255255255255254252250244239235236250255255255255255255252255255255255255
 395 255253251253254252251253255255255255255255255255255255255255250246246249255255244249255255255255255255255255255255255255
 396 255254252253255253251253255255255255255255255255255255255253247244243244249249241245254255254248244254255247234245255255
 397 255254253254255254252254255255255255255255255255255255253255255255255250211187250255255255255255252255249231226243235218
 398 255255253255255255253255255255255255255255254254255244231242255255255178 32  2177255240252251248242255246148 62123132 88
 399 255255254255255255254255255255255255255255247255228219255255255246202 30 93127 19136255255237251255253249171 40206251119
 400 255255255255255255254255255255255255255255241255214130135135138114 58 79167177111 38117129148135136173255224 36230255167
 401 255255255255255255254255255255255255255255248236116  0  0  0 23  0 73188205181209109 11  0  0  0  0 54219212 42208224131
 402 255255254255255255254255255255255255255255249255178 81 80 82 93 50 26139220188161 58 61 58 74 64 80106255227 48160161151
 403 255255254255255255253255255255255255255255249255255240255255251255148 36111145 22 72235252251253254226245208 35212251244
 404 255255254255255254253255255255255255255254254254255255249254255244248141 14 17 86229219243243240233255251220 48221253255
 405 255255253255255254252254255255255255255255255254255255255255255255243234117107234255247254254252248255255169 26170255255
 406 255254253254255254252254255255255255255255255254248240236243251255255229247255254253255246237235238254255208169198248255
 407 255253252254255253251253255255255255255255255255250245241243247251252245255255255255255248241241243246250250255249251255
 408 255253252253255253251252255255255255255255255255254251247245244246247247245246251253254249244245246245244248252254255255
 409 254253251253254253251252254255255255255255255255255255255255255255255254249251255255255251239242248245244254255251240254
 410 254252251253254252250252254255255255255255255255255255255255255255255255252255255255255252236240248247246253255240228248
 411 254252251253254252250251253255255255254253252253253254255255255255255255249250254255255252247246247244244247255237230255
 412 253252251252254252250251253254255254253251249248246245244249254250252253248245241247246248255251244242241241249244247255
 413 253252251252254252249251253254254252248245245245254255255255255255231111 57 43 69112250255255255255255250192 68126140150
 414 253252251252254252249251252254254250246243241240244249246255241243 95 67149131119 41138255243253241255250213 38220254 87
 415 253252251253254251249250252253253255255245234255255208207221221172 60140202190198128 67180230236226207241203 27227254187
 416 253252251253254251249250252252253255255255238235134 42 50 23 16 21 51201188177208201 23 16 35 16 27 68241216 46225255111
 417 253252251252254251249251253253254255255255250208106 18  0  0  0 24 30154181189202140 24 25  5  0  0 85240222 45171177119
 418 253252250252253251249251254255255255255255254246235198162187197156 31 91174196189 64 52168207206187227231199 36223255255
 419 254252250252253251249252255255255255255255255248247251250255255245154 88 46 39 54 79172236239244236255244203 22190253255
 420 254252250252253251250252255255255255255255255255255252245244246255255205139124139210255255255255255255255209 31170239255
 421 255252251252254252250253255255255255255255255255255252249249251253255255255255255255255255255255255255249220132199239255
 422 255253252253255253251253255255255255255255255255250244240244248244241252255255255255255255255255255250242232234235245255
 423 255254253254255254252253255255255255255255255255252250248252255254252255255255255251249255255255255255255243245242250255
 424 255254253255255255253253255255255255255255255255255255255255255255255252240234232234241255255255255255255250234242255255
 425 255255254255255255253254255255255255255255255255254255255253252253255251255251236234240253255255255255254255255255255255
 426 255255254255255255253254255255255255255255255254254254253247242242244243247243232234242252255255255247240245254255255255
 427 255255254255255255253254255255255255255255254255255255255255253251255255227202255255247255255255255255243241254255255240
 428 255255255255255255253254255255255255255254253255255255255255255255249229 76 51194251245255255255254255255170 89138134139
 429 255255255255255255253254255255255255255255255248251255255248222255237 73 70106 30183241247230253255255255179 39174197125
 430 255255255255255255253254255255255255255255255249240205169185189187 66 54233255121 44167181199194195203255203  5200247168
 431 255255255255255255253254255255255255255255255211107 24  9  1 18  7 72250244248255136 13  9 30  0  0 75255221 23215255137
 432 255255255255255255253254255254254255255255248242134 20 13 16 39 32 46211255249232 98 27 11 25 14 35 76244226 53165158119
 433 255255255255255255253253255255255255255253243255254217224222211208116 60196255 92 41215223228228231217248208 30207248253
 434 255255254255255255252253255255255253249248247244245251252245241239255111 48 74 55200255255255250244255255210 18202251255
 435 255255254255255254252253255255255254251250250249255255255255255248235250140 99216255255255255255255255255188 53183255255
 436 255254253254255254251253255255255255255255254252250249247247249255255225254255227239255255255252246255255175102163250250
 437 255253252254255253251252254255255255255255255253250246244247252255255253255255253253255255254255255255255255255244240244
 438 255253251253254252250252254255255255255255255253248243240245252255255255243243252255255255247255255255255255255246242254
 439 254252251252254252250252254255255255255255255255251247245247251255255255251251255255255255251255255255255255255255255255
 440 254252250252254252250251254255255255255255255255255252249249249249251254255255255255255255254254255255255248240255255255
 441 254252251253254252250252254255255255255255255255255251248247247247248251255255255255253251249246245251255245244254255255
 442 254253253254255253251253255255255255255255255255253249246246247247248249250251252250247245242238236248255238226242255255
 443 255254254255255255252253255255255255255255255250255255255255255255255255255255255255255255255255254249220189132166147142
 444 255255255255255255253254255255255255254254254244243255255255255255255255255255255254250248246245244255255181 29180197 58
 445 255255255255255255252253254254255255255255244255222159136125128133139137133132130125122125130119122152229222 35204234152
 446 255255255255255254251251252251252255255255240255122 29 30 11 10 20 33 30 24 22 20 14 12 21 30 17 20  2122224 64211241142
 447 255255255255255254250251252251251255255255245226119 21 32 14 13 20 30 26 20 17 14 10  9 19 28 11 10  5117211 53155153 58
 448 255255255255255254251251252252252254255253247229218140155141139142147143137134132129129137144127121140219220 27185210253
 449 255255255255255255254255255255255255253249247245255238255252248247247245242241239237236240242235227225231209 24213254255
 450 255255253255255255255255255255255255253249246248251255255255255255254254255255255254252251249243238255250197 14207255255
 451 255255255255255255255255255255255255255255254255255255255255255252248250253255255255255255253248239243221171 69173219240
 452 255250246249254255255255255255255255255248243245249255255255255251248251255255255255255255255252244248255253255240235244
 453 255251244247252252252255255255255255255255255255255255255255255254254255255255255255255255255255255255255255255254250255
 454 133120110113119117115116119121124127131140147146141133126123123127131129127129131130128127126128132139145145138136136142
 455 212217223213204211220223225229231230227219211210212221229231230221214222232233232232232231231230229221215192216224234225