     338339340341342343344345346347348349350351352353354355356357358359360361362363364365366367368369370371372373374375376377378379380381382383384385386387388389390391392393394
 396 255254252253255253251253255255255255255255255255255255255253247244243244249249241245254255254248244254255247234245255255255249246249254255255248241248254246240251255254246
 397 255254253254255254252254255255255255255255255255255255253255255255255250211187250255255255255255252255249231226243235218255255251250251255255255249253253255255255255255255
 398 255255253255255255253255255255255255255255254254255244231242255255255178 32  2177255240252251248242255246148 62123132 88197255255254237253255255249251253255255255255255253
 399 255255254255255255254255255255255255255255247255228219255255255246202 30 93127 19136255255237251255253249171 40206251119 47224255255255236255245255255246245233255255251248
 400 255255255255255255254255255255255255255255241255214130135135138114 58 79167177111 38117129148135136173255224 36230255167 32244255234183173255196203204248224192245255199151
 401 255255255255255255254255255255255255255255248236116  0  0  0 23  0 73188205181209109 11  0  0  0  0 54219212 42208224131 83232186203187116122196 19158255186173252 94152207
 402 255255254255255255254255255255255255255255249255178 81 80 82 93 50 26139220188161 58 61 58 74 64 80106255227 48160161151255255104147188117115255128118255151202255150210215
 403 255255254255255255253255255255255255255255249255255240255255251255148 36111145 22 72235252251253254226245208 35212251244255255 75142255255255255231 38180174249255249150195
 404 255255254255255254253255255255255255255254254254255255249254255244248141 14 17 86229219243243240233255251220 48221253255252255 86128255246210255255 95 60213255242 74213253
 405 255255253255255254252254255255255255255255255254255255255255255255243234117107234255247254254252248255255169 26170255255255255171 82 60 98157228255164111255255206 18123142
 406 255254253254255254252254255255255255255255255254248240236243251255255229247255254253255246237235238254255208169198248255255254245179125185255255255228192255255255188140250
 407 255253252254255253251253255255255255255255255255250245241243247251252245255255255255255248241241243246250250255249251255255251255255251248245246250247232255254255255236255